              precision    recall  f1-score   support

           0       0.98      0.98      0.98      1343
           1       0.99      0.99      0.99      1600
           2       0.97      0.98      0.97      1380
           3       0.97      0.97      0.97      1433
           4       0.97      0.98      0.98      1295
           5       0.98      0.97      0.98      1273
           6       0.98      0.99      0.98      1396
           7       0.97      0.98      0.98      1503
           8       0.98      0.96      0.97      1357
           9       0.97      0.97      0.97      1420

    accuracy                           0.98     14000
   macro avg       0.98      0.98      0.98     14000
weighted avg       0.98      0.98      0.98     14000
